2	20	26
3	21	26
4	21	25
5	21	24
6	21	23
7	22	23
8	23	23
9	23	22
10	24	22
11	24	21
12	23	21
13	22	21
14	22	22
15	21	22
16	21	21
17	21	20
18	20	20
19	20	21
20	20	22
21	20	23
22	20	24
23	20	25
24	21	25
25	22	25
26	22	24
27	23	24
28	23	25
29	24	25
30	25	25
31	25	26
32	26	26
33	27	26
34	28	26
35	29	26
36	30	26
37	30	25
38	29	25
39	28	25
40	27	25
41	26	25
42	26	26
43	26	27
44	27	27
45	28	27
46	28	28
47	29	28
48	30	28
49	31	28
50	31	29
51	30	29
52	29	29
53	28	29
54	27	29
55	26	29
56	26	30
57	26	31
58	25	31
59	25	30
60	25	29
61	24	29
62	24	28
63	24	27
64	23	27
65	23	28
66	23	29
67	23	30
68	24	30
69	24	31
70	24	32
71	23	32
72	22	32
73	21	32
74	20	32
75	20	31
76	19	31
77	19	30
78	18	30
79	18	29
80	18	28
81	19	28
82	19	27
83	18	27
84	18	26
85	19	26
86	19	25
87	19	24
88	18	24
89	18	25
90	17	25
91	17	26
92	17	27
93	17	28
94	17	29
95	17	30
96	18	30
97	18	31
98	19	31
99	19	32
100	20	32
101	20	31
102	21	31
103	22	31
104	23	31
105	23	30
106	22	30
107	22	29
108	21	29
109	21	28
110	21	27
111	22	27
112	22	26
113	23	26
114	24	26
115	25	26
116	25	27
117	25	28
118	26	28
119	27	28
120	27	27
121	27	26
122	28	26
123	29	26
124	29	27
125	30	27
126	31	27
127	31	26
128	32	26
129	32	27
130	33	27
131	33	26
132	33	25
133	32	25
134	31	25
135	30	25
136	30	24
137	29	24
138	28	24
139	27	24
140	27	23
141	26	23
142	26	22
143	25	22
144	25	23
145	24	23
146	24	24
147	25	24
148	25	25
149	26	25
150	26	24
151	26	23
152	26	22
153	27	22
154	28	22
155	28	23
156	29	23
157	30	23
158	31	23
159	31	22
160	30	22
161	30	21
162	29	21
163	28	21
164	27	21
165	26	21
166	25	21
167	25	20
168	24	20
169	24	21
170	24	22
171	23	22
172	23	23
173	23	24
174	22	24
175	21	24
176	21	23
177	22	23
178	22	22
179	22	21
180	22	20
181	23	20
182	23	21
183	24	21
184	24	22
185	25	22
186	25	23
187	24	23
188	24	24
189	24	25
190	23	25
191	22	25
192	22	26
193	21	26
194	20	26
195	20	27
196	20	28
197	20	29
198	20	30
199	21	30
200	21	29
201	21	28
202	22	28
203	23	28
204	24	28
205	24	27
206	23	27
207	23	26
208	24	26
209	25	26
210	25	27
211	26	27
212	26	28
213	25	28
214	25	29
215	24	29
216	23	29
217	22	29
218	22	28
219	22	27
220	21	27
221	21	26
222	21	25
223	20	25
224	20	24
225	20	23
226	21	23
227	21	24
228	22	24
229	23	24
230	23	23
231	23	22
232	23	21
233	23	20
234	23	19
235	24	19
236	25	19
237	25	18
238	24	18
239	23	18
240	22	18
241	22	19
242	21	19
243	21	20
244	21	21
245	21	22
246	20	22
247	19	22
248	18	22
249	18	21
250	18	20
251	18	19
252	19	19
253	20	19
254	20	18
255	21	18
256	21	19
257	22	19
258	22	20
259	22	21
260	22	22
261	22	23
262	23	23
263	24	23
264	25	23
265	25	24
266	25	25
267	26	25
268	27	25
269	28	25
270	29	25
271	29	24
272	28	24
273	27	24
274	27	23
275	27	22
276	28	22
277	29	22
278	30	22
279	30	23
280	30	24
281	31	24
282	32	24
283	33	24
284	33	23
285	32	23
286	31	23
287	31	22
288	31	21
289	32	21
290	32	22
291	33	22
292	33	21
293	33	20
294	32	20
295	31	20
296	30	20
297	29	20
298	29	19
299	30	19
300	31	19
301	30	19
302	30	18
303	29	18
304	28	18
305	28	17
306	27	17
307	27	18
308	27	19
309	27	20
310	26	20
311	26	21
312	27	21
313	28	21
314	28	20
315	27	20
316	26	20
317	26	19
318	26	18
319	26	17
320	25	17
321	25	18
322	25	19
323	25	20
324	25	21
325	25	22
326	26	22
327	26	23
328	26	24
329	25	24
330	24	24
331	24	25
332	23	25
333	22	25
334	22	26
335	23	26
336	23	27
337	24	27
338	24	28
339	24	29
340	24	30
341	25	30
342	26	30
343	27	30
344	27	31
345	28	31
346	28	30
347	29	30
348	29	31
349	30	31
350	30	30
351	31	30
352	31	31
353	31	32
354	30	32
355	29	32
356	28	32
357	27	32
358	26	32
359	25	32
360	25	31
361	26	31
362	26	30
363	26	29
364	27	29
365	27	28
366	27	27
367	28	27
368	28	26
369	27	26
370	26	26
371	26	27
372	25	27
373	25	28
374	26	28
375	27	28
376	28	28
377	29	28
378	29	27
379	29	26
380	30	26
381	30	27
382	30	28
383	31	28
384	32	28
385	32	27
386	32	26
387	31	26
388	31	25
389	30	25
390	29	25
391	28	25
392	27	25
393	26	25
394	26	26
395	25	26
396	24	26
397	24	27
398	24	28
399	23	28
400	23	29
401	23	30
402	22	30
403	22	31
404	22	32
405	22	33
406	23	33
407	23	32
408	24	32
409	24	31
410	23	31
411	24	31
412	24	30
413	25	30
414	25	29
415	26	29
416	27	29
417	28	29
418	29	29
419	30	29
420	31	29
421	32	29
422	32	30
423	32	31
424	31	31
425	30	31
426	29	31
427	29	30
428	28	30
429	27	30
430	27	31
431	28	31
432	27	31
433	26	31
434	26	32
435	26	33
436	25	33
437	24	33
438	23	33
439	23	34
440	22	34
441	22	33
442	21	33
443	21	32
444	21	31
445	21	30
446	21	29
447	21	28
448	20	28
449	20	27
450	19	27
451	19	28
452	19	29
453	20	29
454	20	30
455	19	30
456	19	29
457	18	29
458	18	28
459	18	27
460	18	26
461	19	26
462	20	26
463	20	25
464	19	25
465	19	24
466	19	23
467	18	23
468	18	24
469	18	25
470	19	25
471	19	26
472	19	27
473	20	27
474	21	27
475	22	27
476	23	27
477	23	28
478	22	28
479	22	29
480	23	29
481	24	29
482	25	29
483	25	28
484	25	27
485	26	27
486	27	27
487	28	27
488	28	26
489	27	26
490	27	25
491	27	24
492	27	23
493	28	23
494	29	23
495	29	24
496	28	24
497	28	23
498	28	22
499	27	22
500	27	21
501	26	21
502	25	21
503	24	21
504	24	20
505	24	19
506	23	19
507	23	20
508	23	21
509	23	22
510	24	22
511	24	23
512	25	23
513	26	23
514	26	24
515	25	24
516	25	25
517	24	25
518	23	25
519	23	24
520	22	24
521	21	24
522	21	25
523	21	26
524	22	26
525	22	25
526	21	25
527	20	25
528	20	24
529	20	23
530	21	23
531	22	23
532	23	23
533	23	24
534	24	24
535	24	25
536	24	26
537	25	26
538	26	26
539	26	25
540	25	25
541	25	24
542	26	24
543	27	24
544	27	23
545	27	22
546	26	22
547	25	22
548	24	22
549	24	21
550	24	20
551	25	20
552	26	20
553	26	19
554	27	19
555	28	19
556	28	20
557	28	21
558	29	21
559	29	22
560	29	23
561	30	23
562	30	24
563	31	24
564	31	23
565	31	22
566	30	22
567	30	21
568	31	21
569	31	20
570	30	20
571	29	20
572	29	19
573	28	19
574	28	18
575	29	18
576	29	17
577	28	17
578	27	17
579	27	18
580	26	18
581	25	18
582	24	18
583	24	17
584	23	17
585	23	18
586	22	18
587	22	19
588	22	20
589	21	20
590	20	20
591	20	21
592	21	21
593	21	22
594	22	22
595	22	21
596	23	21
597	23	22
598	23	23
599	24	23
600	25	23
601	26	23
602	26	22
603	26	21
604	27	21
605	27	20
606	27	19
607	26	19
608	25	19
609	24	19
610	23	19
611	23	20
612	24	20
613	25	20
614	25	21
615	25	22
616	24	22
617	24	21
618	25	21
619	26	21
620	26	20
621	27	20
622	28	20
623	28	21
624	28	22
625	28	23
626	28	24
627	28	25
628	29	25
629	29	26
630	29	27
631	29	28
632	28	28
633	28	29
634	29	29
635	29	28
636	30	28
637	30	27
638	30	26
639	30	25
640	31	25
641	32	25
642	32	24
643	32	23
644	32	22
645	32	21
646	31	21
647	30	21
648	29	21
649	29	22
650	29	23
651	29	24
652	30	24
653	31	24
654	31	23
655	30	23
656	30	22
657	31	22
658	32	22
659	23	26
660	23	27
661	24	27
662	24	28
663	25	28
664	26	28
665	27	28
666	27	27
667	27	26
668	28	26
669	28	27
670	28	28
671	28	29
672	27	29
673	26	29
674	26	30
675	27	30
676	28	30
677	29	30
678	30	30
679	30	29
680	31	29
681	31	28
682	31	27
683	31	26
684	30	26
685	29	26
686	29	27
687	28	27
688	27	27
689	26	27
690	25	27
691	25	26
692	24	26
693	23	26
694	23	25
695	22	25
696	22	24
697	21	24
698	20	24
699	19	24
700	19	23
701	19	22
702	20	22
703	21	22
704	21	23
705	22	23
706	22	22
707	22	21
708	21	21
709	20	21
710	19	21
711	19	20
712	20	20
713	20	19
714	21	19
715	21	18
716	20	18
717	19	18
718	19	19
719	19	20
720	18	20
721	18	21
722	18	22
723	17	22
724	17	23
725	17	24
726	17	25
727	17	26
728	17	27
729	18	27
730	18	26
731	18	25
732	19	25
733	19	26
734	20	26
735	21	26
736	21	27
737	22	27
738	22	28
739	21	28
740	20	28
741	19	28
742	19	27
743	20	27
744	20	26
745	20	25
746	21	25
747	21	24
748	22	24
749	23	24
750	24	24
751	24	25
752	25	25
753	26	25
754	27	25
755	28	25
756	29	25
757	30	25
758	31	25
759	32	25
760	32	26
761	32	27
762	32	28
763	33	28
764	33	27
765	33	26
766	33	25
767	33	24
768	33	23
769	32	23
770	32	24
771	31	24
772	30	24
773	29	24
774	28	24
775	27	24
776	27	23
777	27	22
778	28	22
779	28	23
780	27	23
781	26	23
782	26	24
783	25	24
784	25	23
785	24	23
786	24	24
787	24	25
788	24	26
789	24	27
790	24	28
791	23	28
792	23	29
793	24	29
794	25	29
795	25	30
796	25	31
797	25	32
798	24	32
799	23	32
800	23	31
801	23	30
802	22	30
803	22	29
804	21	29
805	20	29
806	20	30
807	21	30
808	21	31
809	22	31
810	22	32
811	21	32
812	20	32
813	20	31
814	19	31
815	19	30
816	19	29
817	19	28
818	20	28
819	21	28
820	21	27
821	22	27
822	22	26
823	22	25
824	23	25
825	23	26
826	23	27
827	23	28
828	22	28
829	22	29
830	22	30
831	23	30
832	24	30
833	24	31
834	25	31
835	26	31
836	26	30
837	26	29
838	26	28
839	27	28
840	27	29
841	27	30
842	27	31
843	27	32
844	27	33
845	28	33
846	28	32
847	28	31
848	29	31
849	29	32
850	29	33
851	30	33
852	30	32
853	30	31
854	30	30
855	31	30
856	31	29
857	30	29
858	30	28
859	30	27
860	31	27
861	31	26
862	30	26
863	29	26
864	28	26
865	27	26
866	26	26
867	26	27
868	25	27
869	25	26
870	25	25
871	26	25
872	27	25
873	28	25
874	29	25
875	30	25
876	30	24
877	30	23
878	29	23
879	29	22
880	29	21
881	29	20
882	30	20
883	30	19
884	29	19
885	28	19
886	27	19
887	27	20
888	27	21
889	28	21
890	28	22
891	27	22
892	26	22
893	25	22
894	24	22
895	23	22
896	23	23
897	22	23
898	21	23
899	20	23
900	20	22
901	19	22
902	19	21
903	20	21
904	21	21
905	21	20
906	22	20
907	23	20
908	23	21
909	24	21
910	24	20
911	25	20
912	25	19
913	24	19
914	24	18
915	23	18
916	23	19
917	22	19
918	22	18
919	22	17
920	21	17
921	20	17
922	20	18
923	20	19
924	20	20
925	21	20
926	22	20
927	22	21
928	22	22
929	21	22
930	20	22
931	20	23
932	20	24
933	19	24
934	18	24
935	18	23
936	19	23
937	18	23
938	18	22
939	17	22
940	17	21
941	18	21
942	19	21
943	19	22
944	19	23
945	19	24
946	19	25
947	20	25
948	21	25
949	21	26
950	22	26
951	22	27
952	23	27
953	24	27
954	24	28
955	25	28
956	26	28
957	27	28
958	28	28
959	29	28
960	29	29
961	28	29
962	28	30
963	29	30
964	29	29
965	29	28
966	29	27
967	28	27
968	27	27
969	27	26
970	26	26
971	26	27
972	25	27
973	25	26
974	24	26
975	23	26
976	23	25
977	23	24
978	24	24
979	25	24
980	26	24
981	27	24
982	28	24
983	29	24
984	29	23
985	28	23
986	27	23
987	26	23
988	25	23
989	24	23
990	23	23
991	23	22
992	24	22
993	25	22
994	25	21
995	26	21
996	26	20
997	26	19
998	26	18
999	26	17
1000	25	17
1001	25	18
1002	25	19
1003	25	20
1004	24	20
1005	23	20
1006	23	21
1007	24	21
1008	25	21
1009	26	21
1010	26	22
1011	27	22
1012	27	21
1013	28	21
1014	28	20
1015	29	20
1016	29	21
1017	30	21
1018	30	22
1019	29	22
1020	28	22
1021	28	23
1022	28	24
1023	28	25
1024	27	25
1025	26	25
1026	25	25
1027	24	25
1028	24	26
1029	24	27
1030	24	28
1031	24	29
1032	25	29
1033	25	30
1034	24	30
1035	24	31
1036	23	31
1037	22	31
1038	21	31
1039	21	30
1040	21	29
1041	20	29
1042	20	28
1043	20	27
1044	21	27
1045	21	26
1046	20	26
1047	19	26
1048	19	27
1049	18	27
1050	18	28
1051	17	28
1052	17	29
1053	18	29
1054	18	30
1055	18	31
1056	19	31
1057	20	31
1058	20	30
1059	20	29
1060	21	29
1061	21	28
1062	22	28
1063	23	28
1064	23	29
1065	24	29
1066	25	29
1067	26	29
1068	27	29
1069	27	30
1070	26	30
1071	26	31
1072	26	32
1073	25	32
1074	25	33
1075	26	33
1076	27	33
1077	27	32
1078	27	31
1079	28	31
1080	28	30
1081	28	29
1082	28	28
1083	28	27
1084	28	26
1085	27	26
1086	26	26
1087	26	27
1088	26	28
1089	25	28
1090	25	27
1091	25	26
1092	25	25
1093	25	24
1094	26	24
1095	27	24
1096	27	25
1097	26	25
1098	26	26
1099	27	26
1100	27	27
1101	27	28
1102	27	29
1103	26	29
1104	26	30
1105	25	30
1106	25	31
1107	25	32
1108	24	32
1109	24	33
1110	23	33
1111	23	32
1112	22	32
1113	22	33
1114	21	33
1115	20	33
1116	20	32
1117	21	32
1118	21	31
1119	21	30
1120	22	30
1121	22	29
1122	23	29
1123	23	30
1124	24	30
1125	24	29
1126	24	28
1127	25	28
1128	26	28
1129	26	27
1130	27	27
1131	28	27
1132	29	27
1133	30	27
1134	30	28
1135	31	28
1136	31	27
1137	31	26
1138	30	26
1139	29	26
1140	29	25
1141	29	24
1142	30	24
1143	30	23
1144	31	23
1145	31	22
1146	32	22
1147	33	22
1148	33	21
1149	32	21
1150	31	21
1151	31	20
1152	31	19
1153	30	19
1154	30	20
1155	30	21
1156	30	22
1157	29	22
1158	29	23
1159	28	23
1160	27	23
1161	26	23
1162	25	23
1163	24	23
1164	24	24
1165	23	24
1166	22	24
1167	22	25
1168	22	26
1169	22	27
1170	23	27
1171	23	26
1172	23	25
1173	24	25
1174	24	26
1175	24	27
1176	25	27
1177	25	26
1178	25	25
1179	25	24
1180	26	24
1181	27	24
1182	28	24
1183	28	25
1184	28	26
1185	29	26
1186	29	27
1187	30	27
1188	30	28
1189	30	29
1190	30	30
1191	29	30
1192	29	31
1193	29	32
1194	28	32
1195	28	33
1196	29	33
1197	29	34
1198	30	25
1199	31	25
1200	32	25
1201	32	26
1202	32	27
1203	32	28
1204	32	29
1205	33	29
1206	33	28
1207	33	27
1208	33	26
1209	33	25
1210	33	24
1211	32	24
1212	31	24
1213	31	23
1214	32	23
1215	33	23
1216	34	23
1217	34	24
1218	34	25
1219	34	26
1220	34	27
1221	34	28
1222	34	29
1223	23	28
1224	22	28
1225	21	28
1226	21	27
1227	20	27
1228	20	26
1229	20	25
1230	20	24
1231	21	24
1232	21	23
1233	22	23
1234	22	22
1235	21	22
1236	21	21
1237	22	21
1238	23	21
1239	23	22
1240	23	23
1241	22	23
1242	22	24
1243	22	25
1244	21	25
1245	21	24
1246	21	23
1247	20	23
1248	20	22
1249	20	21
1250	20	20
1251	21	20
1252	21	19
1253	22	19
1254	23	19
1255	24	19
1256	24	18
1257	24	17
1258	23	17
1259	23	18
1260	22	18
1261	21	18
1262	21	19
1263	20	19
1264	19	19
1265	19	20
1266	18	20
1267	17	20
1268	17	21
1269	18	21
1270	18	22
1271	19	22
1272	19	23
1273	19	24
1274	18	24
1275	18	25
1276	18	26
1277	17	26
1278	16	26
1279	16	25
1280	17	25
1281	17	24
1282	17	23
1283	16	23
1284	16	24
1285	17	24
1286	18	24
1287	18	23
1288	17	23
1289	17	22
1290	16	22
1291	16	21
1292	26	22
1293	25	22
1294	24	22
1295	24	23
1296	25	23
1297	26	23
1298	27	23
1299	27	22
1300	27	21
1301	27	20
1302	26	20
1303	26	19
1304	27	19
1305	27	18
1306	28	18
1307	28	19
1308	28	20
1309	28	21
1310	28	22
1311	27	22
1312	26	22
1313	26	21
1314	25	21
1315	24	21
1316	24	20
1317	25	20
1318	25	19
1319	25	18
1320	26	18
1321	26	17
1322	27	17
1323	28	17
1324	28	18
1325	29	18
1326	29	19
1327	29	20
1328	29	21
1329	29	22
1330	29	23
1331	29	24
1332	29	25
1333	28	25
1334	27	25
1335	26	25
1336	26	26
1337	27	26
1338	28	26
1339	28	27
1340	28	28
1341	27	28
1342	26	28
1343	25	28
1344	25	29
1345	25	30
1346	25	31
1347	26	31
1348	26	32
1349	27	32
1350	27	31
1351	27	30
1352	27	29
1353	28	29
1354	29	29
1355	29	28
1356	28	28
1357	27	28
1358	27	27
1359	26	27
1360	25	27
1361	24	27
1362	23	27
1363	23	26
1364	22	26
1365	21	26
1366	21	25
1367	22	25
1368	23	25
1369	23	24
1370	24	24
1371	24	25
1372	24	26
1373	25	26
1374	25	25
1375	25	24
1376	26	24
1377	27	24
1378	28	24
1379	28	23
1380	28	22
1381	28	21
1382	27	21
1383	27	20
1384	26	20
1385	26	21
1386	25	21
1387	25	22
1388	24	22
1389	23	22
1390	22	22
1391	21	22
1392	21	21
1393	22	21
1394	22	20
1395	23	20
1396	23	21
1397	24	21
1398	24	20
1399	24	19
1400	23	19
1401	22	19
1402	22	20
1403	23	20
1404	23	21
1405	23	22
1406	23	23
1407	22	23
1408	22	24
1409	21	24
1410	20	24
1411	20	23
1412	21	23
1413	21	22
1414	22	22
1415	22	23
1416	23	23
1417	23	24
1418	24	24
1419	24	23
1420	25	23
1421	26	23
1422	27	23
1423	27	24
1424	27	25
1425	26	25
1426	26	26
1427	27	26
1428	28	26
1429	29	26
1430	30	26
1431	30	25
1432	31	25
1433	31	26
1434	31	27
1435	31	28
1436	31	29
1437	31	30
1438	32	30
1439	32	29
1440	32	28
1441	32	27
1442	32	26
1443	32	25
1444	32	24
1445	31	24
1446	30	24
1447	30	23
1448	30	22
1449	31	22
1450	31	21
1451	30	21
1452	30	20
1453	31	20
1454	32	20
1455	32	19
1456	31	19
1457	31	18
1458	30	18
1459	29	18
1460	29	19
1461	28	19
1462	28	20
1463	29	20
1464	29	21
1465	29	22
1466	29	23
1467	29	24
1468	29	25
1469	28	25
1470	28	24
1471	28	23
1472	28	22
1473	27	22
1474	26	22
1475	25	22
1476	24	22
1477	24	23
1478	25	23
1479	25	24
1480	26	24
1481	26	23
1482	27	23
1483	27	24
1484	27	25
1485	26	25
1486	25	25
1487	24	25
1488	23	25
1489	23	26
1490	22	26
1491	22	27
1492	21	27
1493	21	26
1494	20	26
1495	19	26
1496	19	25
1497	20	25
1498	21	25
1499	22	25
1500	22	24
1501	23	24
1502	24	24
1503	24	25
1504	24	26
1505	24	27
1506	24	28
1507	23	28
1508	23	29
1509	22	29
1510	22	28
1511	21	28
1512	20	28
1513	19	28
1514	19	27
1515	20	27
1516	21	27
1517	22	27
1518	23	27
1519	23	28
1520	23	29
1521	23	30
1522	24	30
1523	24	31
1524	23	31
1525	22	31
1526	22	30
1527	22	29
1528	21	29
1529	20	29
1530	19	29
1531	19	30
1532	20	30
1533	21	30
1534	22	30
1535	23	30
1536	24	30
1537	24	29
1538	25	29
1539	26	29
1540	26	30
1541	27	30
1542	28	30
1543	28	31
1544	29	31
1545	29	30
1546	29	29
1547	29	28
1548	29	27
1549	30	27
1550	30	28
1551	30	29
1552	30	30
1553	30	31
1554	31	31
1555	31	30
1556	31	29
1557	31	28
1558	31	27
1559	31	26
1560	30	26
1561	30	25
1562	31	25
1563	31	24
1564	31	23
1565	30	23
1566	30	24
1567	29	24
1568	29	25
1569	29	26
1570	28	26
1571	28	27
1572	27	27
1573	26	27
1574	26	28
1575	25	28
1576	25	27
1577	25	26
1578	26	26
1579	27	26
1580	27	27
1581	27	28
1582	27	29
1583	28	29
1584	28	28
1585	29	28
1586	29	27
1587	30	27
1588	30	28
1589	30	29
1590	29	29
1591	28	29
1592	28	30
1593	28	31
1594	27	31
1595	26	31
1596	25	31
1597	25	30
1598	26	30
1599	26	29
1600	25	29
1601	24	29
1602	24	28
1603	24	27
1604	23	27
1605	23	26
1606	23	25
1607	22	25
1608	22	26
1609	21	26
1610	20	26
1611	19	26
1612	18	26
1613	18	27
1614	18	28
1615	19	28
1616	20	28
1617	21	28
1618	22	28
1619	22	27
1620	21	27
1621	20	27
1622	19	27
1623	18	27
1624	17	27
1625	17	26
1626	17	25
1627	18	25
1628	19	25
1629	19	24
1630	20	24
1631	21	24
1632	21	23
1633	20	23
1634	20	22
1635	20	21
1636	19	21
1637	19	22
1638	19	23
1639	18	23
1640	18	22
1641	18	21
1642	19	21
1643	19	20
1644	20	20
1645	21	20
1646	21	21
1647	22	21
1648	22	22
1649	23	22
1650	23	23
1651	23	24
1652	22	24
1653	22	23
1654	23	23
1655	24	23
1656	24	22
1657	24	21
1658	25	21
1659	25	20
1660	26	20
1661	26	19
1662	27	19
1663	27	18
1664	26	18
1665	25	18
1666	25	19
1667	24	19
1668	24	18
1669	23	18
1670	23	19
1671	23	20
1672	24	20
1673	25	20
1674	26	20
1675	27	20
1676	27	21
1677	26	21
1678	26	22
1679	25	22
1680	25	23
1681	25	24
1682	26	24
1683	26	23
1684	27	23
1685	27	22
1686	27	21
1687	28	21
1688	28	20
1689	28	19
1690	27	19
1691	26	19
1692	25	19
1693	24	19
1694	24	18
1695	24	17
1696	25	17
1697	25	16
1698	26	16
1699	27	16
1700	27	17
1701	27	18
1702	28	18
1703	28	17
1704	29	17
1705	30	17
1706	30	18
1707	30	19
1708	30	20
1709	30	21
1710	30	22
1711	31	22
1712	32	22
1713	32	23
1714	31	23
1715	30	23
1716	29	23
1717	28	23
1718	28	24
1719	28	25
1720	27	25
1721	26	25
1722	25	25
1723	25	26
1724	24	26
1725	24	25
1726	24	24
1727	25	24
1728	26	24
1729	27	24
1730	27	25
1731	27	26
1732	26	26
1733	26	27
1734	25	27
1735	25	28
1736	26	28
1737	26	29
1738	27	29
1739	27	30
1740	26	30
1741	25	30
1742	24	30
1743	24	31
1744	24	32
1745	23	32
1746	23	31
1747	22	31
1748	22	32
1749	21	32
1750	21	31
1751	20	31
1752	20	30
1753	20	29
1754	21	29
1755	22	29
1756	23	29
1757	23	28
1758	24	28
1759	24	29
1760	25	29
1761	25	28
1762	25	27
1763	24	27
1764	23	27
1765	23	26
1766	23	25
1767	22	25
1768	21	25
1769	20	25
1770	20	24
1771	21	24
1772	21	23
1773	21	22
1774	20	22
1775	20	21
1776	21	21
1777	22	21
1778	22	20
1779	22	19
1780	21	19
1781	21	18
1782	22	18
1783	22	17
1784	23	17
1785	23	16
1786	24	16
1787	24	17
1788	25	17
1789	26	17
1790	26	18
1791	25	18
1792	25	19
1793	25	20
1794	25	21
1795	24	21
1796	23	21
1797	23	22
1798	22	22
1799	22	23
1800	22	24
1801	23	24
1802	24	24
1803	24	23
1804	25	23
1805	25	22
1806	26	22
1807	26	21
1808	27	21
1809	27	20
1810	28	20
1811	29	20
1812	29	21
1813	29	22
1814	28	22
1815	28	21
1816	29	21
1817	30	21
1818	31	21
1819	32	21
1820	32	22
1821	33	22
1822	33	23
1823	33	24
1824	33	25
1825	32	25
1826	32	26
1827	33	26
1828	33	27
1829	32	27
1830	31	27
1831	31	26
1832	30	26
1833	29	26
1834	28	26
1835	28	27
1836	28	28
1837	27	28
1838	27	27
1839	26	27
1840	26	28
1841	26	29
1842	27	29
1843	28	29
1844	28	30
1845	29	30
1846	30	30
1847	30	31
1848	30	32
1849	29	32
1850	28	32
1851	27	32
1852	26	32
1853	25	32
1854	25	33
1855	26	33
1856	27	33
1857	27	34
1858	26	34
1859	25	34
1860	24	34
1861	24	33
1862	24	32
1863	24	31
1864	25	31
1865	26	31
1866	27	31
1867	27	30
1868	26	30
1869	25	30
1870	24	30
1871	23	30
1872	22	30
1873	21	30
1874	21	29
1875	21	28
1876	22	28
1877	22	27
1878	22	26
1879	21	26
1880	20	26
1881	20	25
1882	19	25
1883	19	26
1884	18	26
1885	18	25
1886	18	24
1887	19	24
1888	19	23
1889	20	23
1890	20	24
1891	21	24
1892	21	25
1893	22	25
1894	23	25
1895	24	25
1896	24	26
1897	25	26
1898	25	25
1899	26	25
1900	26	26
1901	27	26
1902	28	26
1903	28	25
1904	29	25
1905	30	25
1906	30	24
1907	29	24
1908	28	24
1909	28	23
1910	27	23
1911	26	23
1912	26	24
1913	27	24
1914	27	25
1915	28	25
1916	29	25
1917	29	26
1918	29	27
1919	29	28
1920	29	29
1921	30	29
1922	30	28
1923	30	27
1924	30	26
1925	30	25
1926	31	25
1927	31	24
1928	32	24
1929	32	23
1930	31	23
1931	30	23
1932	30	22
1933	29	22
1934	29	23
1935	29	24
1936	30	24
1937	31	24
1938	31	25
1939	32	25
1940	32	26
1941	31	26
1942	31	27
1943	31	28
1944	32	28
1945	32	29
1946	31	29
1947	31	30
1948	32	30
1949	32	31
1950	31	31
1951	31	32
1952	30	32
1953	29	32
1954	29	31
1955	28	31
1956	28	32
1957	28	33
1958	27	33
1959	26	33
1960	26	32
1961	25	32
1962	25	33
1963	24	33
1964	23	33
1965	23	32
1966	23	31
1967	22	31
1968	22	32
1969	22	33
1970	21	33
1971	21	32
1972	21	31
1973	20	31
1974	19	31
1975	19	30
1976	19	29
1977	18	29
1978	18	28
1979	19	28
1980	20	28
1981	20	27
1982	21	27
1983	21	26
1984	22	26
1985	23	26
1986	23	27
1987	23	28
1988	24	28
1989	24	27
1990	24	26
1991	25	26
1992	25	25
1993	25	24
1994	25	23
1995	25	22
1996	24	22
1997	24	21
1998	24	20
1999	23	20
2000	23	21
2001	23	22
2002	23	23
2003	23	24
2004	22	24
2005	22	23
2006	21	23
2007	21	22
2008	22	22
2009	22	21
2010	22	20
2011	21	20
2012	20	20
2013	20	19
2014	20	18
2015	19	18
2016	19	19
2017	19	20
2018	19	21
2019	19	22
2020	20	22
2021	20	23
2022	19	23
2023	18	23
2024	18	24
2025	17	24
2026	17	23
2027	17	22
2028	18	22
2029	19	22
2030	20	22
2031	20	21
2032	21	21
2033	21	22
2034	21	23
2035	21	24
2036	21	25
2037	20	25
2038	20	26
2039	19	26
2040	19	27
2041	20	27
2042	20	28
2043	20	29
2044	21	29
2045	22	29
2046	23	29
2047	24	29
2048	25	29
2049	25	28
2050	25	27
2051	26	27
2052	27	27
2053	28	27
2054	28	28
2055	27	28
2056	26	28
2057	26	29
2058	27	29
2059	28	29
2060	28	30
2061	29	30
2062	29	29
2063	29	28
2064	29	27
2065	30	27
2066	30	26
2067	29	26
2068	28	26
2069	27	26
2070	26	26
2071	26	25
2072	26	24
2073	26	23
2074	26	22
2075	27	22
2076	28	22
2077	28	21
2078	27	21
2079	26	21
2080	25	21
2081	25	20
2082	26	20
2083	26	19
2084	27	19
2085	27	20
2086	28	20
2087	28	19
2088	29	19
2089	29	20
2090	30	20
2091	31	20
2092	31	21
2093	31	22
2094	30	22
2095	29	22
2096	29	23
2097	28	23
2098	28	24
2099	27	24
2100	27	23
2101	27	22
2102	26	22
2103	25	22
2104	24	22
2105	24	23
2106	24	24
2107	24	25
2108	23	25
2109	23	26
2110	23	27
2111	22	27
2112	22	28
2113	21	28
2114	21	27
2115	21	26
2116	22	26
2117	22	25
2118	22	24
2119	23	24
2120	23	23
2121	23	22
2122	23	21
2123	23	20
2124	23	19
2125	23	18
2126	24	18
2127	24	19
2128	24	20
2129	24	21
2130	25	21
2131	26	21
2132	26	20
2133	26	19
2134	26	18
2135	27	18
2136	28	18
2137	29	18
2138	29	19
2139	30	19
2140	31	19
2141	31	20
2142	32	20
2143	32	21
2144	33	21
2145	33	22
2146	32	22
2147	32	23
2148	32	24
2149	33	24
2150	33	25
2151	33	26
2152	34	26
2153	34	25
2154	34	24
2155	34	23
2156	33	23
2157	33	24
2158	25	24
2159	25	25
2160	25	26
2161	24	26
2162	24	27
2163	24	28
2164	23	28
2165	23	29
2166	23	30
2167	22	30
2168	21	30
2169	20	30
2170	20	29
2171	19	29
2172	19	28
2173	19	27
2174	18	27
2175	17	27
2176	17	28
2177	18	28
2178	18	29
2179	18	30
2180	19	30
2181	20	30
2182	21	30
2183	21	29
2184	22	29
2185	22	28
2186	22	27
2187	23	27
2188	23	26
2189	23	25
2190	24	25
2191	24	24
2192	24	23
2193	25	23
2194	26	23
2195	26	24
2196	26	25
2197	27	25
2198	28	25
2199	29	25
2200	30	25
2201	30	24
2202	29	24
2203	28	24
2204	27	24
2205	27	23
2206	28	23
2207	28	22
2208	27	22
2209	27	21
2210	27	20
2211	27	19
2212	28	19
2213	28	20
2214	28	21
2215	29	21
2216	30	21
2217	30	22
2218	30	23
2219	31	23
2220	31	22
2221	31	21
2222	30	21
2223	30	20
2224	29	20
2225	29	21
2226	29	22
2227	29	23
2228	29	24
2229	29	25
2230	29	26
2231	29	27
2232	28	27
2233	27	27
2234	27	28
2235	28	28
2236	29	28
2237	30	28
2238	31	28
2239	32	28
2240	32	27
2241	31	27
2242	30	27
2243	30	26
2244	31	26
2245	31	25
2246	31	24
2247	30	24
2248	30	25
2249	31	25
2250	32	25
2251	32	26
2252	32	27
2253	33	27
2254	33	28
2255	33	29
2256	32	29
2257	31	29
2258	30	29
2259	30	30
2260	29	30
2261	29	31
2262	28	31
2263	27	31
2264	26	31
2265	25	31
2266	25	30
2267	25	29
2268	25	28
2269	25	27
2270	26	27
2271	26	26
2272	27	26
2273	28	26
2274	28	27
2275	27	27
2276	27	28
2277	26	28
2278	26	29
2279	26	30
2280	27	30
2281	27	29
2282	28	29
2283	28	30
2284	27	30
2285	27	31
2286	27	32
2287	26	32
2288	25	32
2289	24	32
2290	24	31
2291	24	30
2292	24	29
2293	24	28
2294	24	27
2295	24	26
2296	25	26
2297	25	25
2298	25	24
2299	25	23
2300	25	22
2301	24	22
2302	24	23
2303	23	23
2304	22	23
2305	22	22
2306	22	21
2307	22	20
2308	22	19
2309	21	19
2310	21	20
2311	21	21
2312	21	22
2313	21	23
2314	21	24
2315	20	24
2316	19	24
2317	19	25
2318	20	25
2319	21	25
2320	22	25
2321	22	26
2322	21	26
2323	20	26
2324	20	27
2325	21	27
2326	21	28
2327	20	28
2328	19	28
2329	19	27
2330	19	26
2331	18	26
2332	18	25
2333	17	25
2334	17	26
2335	16	26
2336	16	27
2337	17	27
2338	18	27
2339	18	26
2340	18	25
2341	19	25
2342	19	24
2343	20	24
2344	20	23
2345	19	23
2346	18	23
2347	18	24
2348	17	24
2349	16	24
2350	16	25
2351	17	25
2352	17	26
2353	16	26
2354	23	28
2355	23	29
2356	23	30
2357	23	31
2358	22	31
2359	22	30
2360	22	29
2361	22	28
2362	22	27
2363	23	27
2364	23	26
2365	23	25
2366	23	24
2367	24	24
2368	24	25
2369	25	25
2370	26	25
2371	27	25
2372	28	25
2373	28	24
2374	27	24
2375	26	24
2376	26	23
2377	26	22
2378	26	21
2379	25	21
2380	25	20
2381	25	19
2382	25	18
2383	25	17
2384	26	17
2385	27	17
2386	27	18
2387	26	18
2388	26	19
2389	26	20
2390	27	20
2391	27	21
2392	27	22
2393	28	22
2394	28	23
2395	27	23
2396	26	23
2397	25	23
2398	25	24
2399	24	24
2400	23	24
2401	22	24
2402	22	23
2403	22	22
2404	23	22
2405	23	21
2406	24	21
2407	24	20
2408	23	20
2409	23	19
2410	24	19
2411	24	18
2412	23	18
2413	22	18
2414	21	18
2415	21	17
2416	22	17
2417	23	17
2418	24	17
2419	24	16
2420	25	16
2421	26	16
2422	27	16
2423	28	16
2424	28	17
2425	28	18
2426	29	18
2427	30	18
2428	30	19
2429	29	19
2430	29	20
2431	28	20
2432	28	21
2433	28	22
2434	29	22
2435	29	23
2436	30	23
2437	31	23
2438	31	22
2439	30	22
2440	30	23
2441	30	24
2442	29	24
2443	29	25
2444	29	26
2445	29	27
2446	28	27
2447	28	28
2448	29	28
2449	29	29
2450	28	29
2451	27	29
2452	26	29
2453	26	28
2454	26	27
2455	25	27
2456	25	28
2457	25	29
2458	24	29
2459	24	30
2460	25	30
2461	25	31
2462	26	31
2463	26	30
2464	27	30
2465	28	30
2466	28	31
2467	28	32
2468	27	32
2469	26	32
2470	26	33
2471	25	33
2472	24	33
2473	23	33
2474	23	32
2475	23	31
2476	24	31
2477	24	32
2478	25	32
2479	25	31
2480	25	30
2481	25	29
2482	25	28
2483	24	28
2484	24	27
2485	24	26
2486	25	26
2487	26	26
2488	27	26
2489	28	26
2490	28	25
2491	27	25
2492	26	25
2493	26	24
2494	27	24
2495	28	24
2496	28	23
2497	27	23
2498	27	22
2499	26	22
2500	25	22
2501	24	22
2502	24	23
2503	23	23
2504	23	22
2505	23	21
2506	22	21
2507	22	20
2508	22	19
2509	21	19
2510	21	20
2511	20	20
2512	20	21
2513	20	22
2514	20	23
2515	21	23
2516	21	24
2517	21	25
2518	22	25
2519	22	26
2520	21	26
2521	20	26
2522	20	25
2523	20	24
2524	19	24
2525	19	25
2526	19	26
2527	19	27
2528	20	27
2529	21	27
2530	21	28
2531	21	29
2532	20	29
2533	19	29
2534	18	29
2535	17	29
2536	17	28
2537	18	28
2538	19	28
2539	20	28
2540	21	28
2541	22	28
2542	23	28
2543	23	29
2544	23	30
2545	22	30
2546	22	29
2547	23	29
2548	24	29
2549	24	28
2550	24	27
2551	25	27
2552	26	27
2553	27	27
2554	27	28
2555	26	28
2556	26	29
2557	26	30
2558	26	31
2559	27	31
2560	28	31
2561	29	31
2562	30	31
2563	30	30
2564	30	29
2565	30	28
2566	30	27
2567	30	26
2568	31	26
2569	31	27
2570	31	28
2571	31	29
2572	31	30
2573	31	31
2574	30	31
2575	30	32
2576	29	32
2577	29	33
2578	28	33
2579	27	33
2580	27	32
2581	28	32
2582	29	32
2583	26	26
2584	27	26
2585	28	26
2586	28	27
2587	28	28
2588	29	28
2589	29	27
2590	29	26
2591	29	25
2592	30	25
2593	31	25
2594	31	24
2595	32	24
2596	32	23
2597	32	22
2598	32	21
2599	31	21
2600	30	21
2601	29	21
2602	28	21
2603	27	21
2604	26	21
2605	25	21
2606	25	20
2607	25	19
2608	24	19
2609	24	20
2610	24	21
2611	24	22
2612	25	22
2613	25	23
2614	25	24
2615	25	25
2616	24	25
2617	23	25
2618	23	26
2619	23	27
2620	22	27
2621	22	26
2622	22	25
2623	22	24
2624	22	23
2625	22	22
2626	21	22
2627	21	21
2628	22	21
2629	22	20
2630	23	20
2631	23	19
2632	22	19
2633	22	18
2634	23	18
2635	24	18
2636	25	18
2637	25	19
2638	26	19
2639	27	19
2640	28	19
2641	28	20
2642	27	20
2643	26	20
2644	25	20
2645	25	21
2646	24	21
2647	23	21
2648	23	22
2649	23	23
2650	23	24
2651	24	24
2652	24	23
2653	24	22
2654	25	22
2655	26	22
2656	26	23
2657	26	24
2658	26	25
2659	27	25
2660	28	25
2661	28	24
2662	27	24
2663	27	23
2664	28	23
2665	29	23
2666	29	24
2667	30	24
2668	30	25
2669	30	26
2670	30	27
2671	30	28
2672	30	29
2673	29	29
2674	29	30
2675	28	30
2676	28	29
2677	27	29
2678	27	28
2679	27	27
2680	26	27
2681	25	27
2682	25	26
2683	24	26
2684	24	25
2685	23	25
2686	23	26
2687	23	27
2688	23	28
2689	22	28
2690	22	27
2691	21	27
2692	21	26
2693	21	25
2694	21	24
2695	22	24
2696	22	23
2697	21	23
2698	20	23
2699	19	23
2700	19	22
2701	19	21
2702	20	21
2703	20	22
2704	21	22
2705	22	22
2706	22	21
2707	21	21
2708	21	20
2709	20	20
2710	20	19
2711	19	19
2712	19	20
2713	18	20
2714	18	21
2715	18	22
2716	18	23
2717	18	24
2718	18	25
2719	18	26
2720	18	27
2721	19	27
2722	20	27
2723	20	26
2724	20	25
2725	20	24
2726	19	24
2727	19	25
2728	19	26
2729	20	26
2730	21	26
2731	22	26
2732	22	25
2733	21	25
2734	21	24
2735	22	24
2736	23	24
2737	24	24
2738	25	24
2739	25	25
2740	25	26
2741	26	26
2742	27	26
2743	28	26
2744	28	27
2745	28	28
2746	27	28
2747	26	28
2748	25	28
2749	25	29
2750	24	29
2751	24	30
2752	24	31
2753	23	31
2754	22	31
2755	21	31
2756	21	30
2757	21	29
2758	22	29
2759	22	30
2760	23	30
2761	24	30
2762	25	30
2763	26	30
2764	27	30
2765	27	29
2766	26	29
2767	26	28
2768	26	27
2769	25	27
2770	24	27
2771	24	26
2772	24	25
2773	23	25
2774	23	26
2775	23	27
2776	23	28
2777	24	28
2778	25	28
2779	25	29
2780	24	29
2781	23	29
2782	23	30
2783	23	31
2784	23	32
2785	22	32
2786	21	32
2787	20	32
2788	20	31
2789	20	30
2790	20	29
2791	20	28
2792	21	28
2793	21	27
2794	22	27
2795	22	28
2796	22	29
2797	21	29
2798	21	30
2799	21	31
2800	22	31
2801	22	32
2802	22	33
2803	23	33
2804	23	34
2805	24	34
2806	25	34
2807	26	34
2808	26	33
2809	26	32
2810	26	31
2811	25	31
2812	25	32
2813	24	32
2814	24	31
2815	24	30
2816	25	30
2817	26	30
2818	26	29
2819	27	29
2820	28	29
2821	29	29
2822	29	28
2823	29	27
2824	29	26
2825	29	25
2826	28	25
2827	27	25
2828	26	25
2829	26	24
2830	26	23
2831	25	23
2832	24	23
2833	23	23
2834	23	22
2835	23	21
2836	23	20
2837	24	20
2838	24	19
2839	23	19
2840	22	19
2841	21	19
2842	21	18
2843	20	18
2844	20	19
2845	20	20
2846	20	21
2847	19	21
2848	19	22
2849	19	23
2850	20	23
2851	21	23
2852	22	23
2853	22	22
2854	21	22
2855	20	22
2856	19	22
2857	18	22
2858	17	22
2859	17	23
2860	17	24
2861	17	25
2862	17	26
2863	17	27
2864	18	27
2865	18	28
2866	19	28
2867	19	29
2868	19	30
2869	19	31
2870	19	32
2871	20	32
2872	20	31
2873	20	30
2874	20	29
2875	20	28
2876	20	27
2877	21	27
2878	21	26
2879	22	26
2880	22	25
2881	21	25
2882	20	25
2883	20	24
2884	21	24
2885	22	24
2886	23	24
2887	24	24
2888	25	24
2889	25	25
2890	25	26
2891	26	26
2892	27	26
2893	27	27
2894	28	27
2895	28	26
2896	28	25
2897	28	24
2898	27	24
2899	27	23
2900	27	22
2901	28	22
2902	29	22
2903	30	22
2904	30	23
2905	31	23
2906	31	24
2907	32	24
2908	32	25
2909	32	26
2910	31	26
2911	31	27
2912	31	28
2913	32	28
2914	32	27
2915	33	27
2916	33	26
2917	33	25
2918	33	24
2919	33	23
2920	32	23
2921	32	22
2922	31	22
2923	31	21
2924	31	20
2925	30	20
2926	29	20
2927	29	21
2928	28	21
2929	27	21
2930	26	21
2931	26	22
2932	25	22
2933	24	22
2934	24	21
2935	25	21
2936	25	20
2937	26	20
2938	27	20
2939	27	19
2940	27	18
2941	26	18
2942	26	19
2943	25	19
2944	25	18
2945	25	17
2946	26	17
2947	27	17
2948	28	17
2949	28	18
2950	28	19
2951	29	19
2952	30	19
2953	31	19
2954	31	18
2955	30	18
2956	29	18
2957	29	17
2958	30	17
2959	29	17
2960	29	23
2961	29	24
2962	30	24
2963	30	25
2964	30	26
2965	30	27
2966	30	28
2967	30	29
2968	30	30
2969	29	30
2970	29	31
2971	28	31
2972	27	31
2973	27	30
2974	28	30
2975	28	29
2976	28	28
2977	27	28
2978	27	27
2979	26	27
2980	25	27
2981	24	27
2982	24	26
2983	24	25
2984	23	25
2985	23	26
2986	23	27
2987	23	28
2988	24	28
2989	25	28
2990	26	28
2991	26	29
2992	25	29
2993	24	29
2994	23	29
2995	23	30
2996	22	30
2997	21	30
2998	21	31
2999	21	32
3000	21	33
3001	20	33
3002	20	32
3003	23	23
3004	24	23
3005	25	23
3006	26	23
3007	26	24
3008	26	25
3009	27	25
3010	27	24
3011	27	23
3012	28	23
3013	28	22
3014	27	22
3015	26	22
3016	26	21
3017	27	21
3018	28	21
3019	28	20
3020	27	20
3021	26	20
3022	25	20
3023	24	20
3024	23	20
3025	22	20
3026	22	21
3027	21	21
3028	21	20
3029	21	19
3030	21	18
3031	22	18
3032	23	18
3033	23	17
3034	24	17
3035	24	18
3036	24	19
3037	23	19
3038	22	19
3039	22	20
3040	22	21
3041	23	21
3042	23	22
3043	24	22
3044	24	21
3045	25	21
3046	25	22
3047	25	23
3048	25	24
3049	25	25
3050	25	26
3051	26	26
3052	27	26
3053	28	26
3054	29	26
3055	29	27
3056	29	28
3057	29	29
3058	29	30
3059	30	30
3060	31	30
3061	31	29
3062	32	29
3063	32	30
3064	33	30
3065	33	29
3066	33	28
3067	32	28
3068	31	28
3069	31	27
3070	31	26
3071	31	25
3072	32	25
3073	32	26
3074	32	27
3075	33	27
3076	34	27
3077	34	26
3078	34	25
3079	33	25
3080	33	24
3081	32	24
3082	31	24
3083	31	23
3084	30	23
3085	29	23
3086	29	22
3087	30	22
3088	30	21
3089	29	21
3090	29	20
3091	30	20
3092	31	20
3093	32	20
3094	32	21
3095	33	21
3096	33	22
3097	34	22
3098	34	23
3099	34	24
3100	33	24
3101	29	25
3102	29	24
3103	28	24
3104	28	23
3105	28	22
3106	27	22
3107	26	22
3108	26	23
3109	26	24
3110	26	25
3111	27	25
3112	28	25
3113	29	25
3114	30	25
3115	30	26
3116	30	27
3117	30	28
3118	30	29
3119	29	29
3120	29	28
3121	28	28
3122	28	27
3123	27	27
3124	26	27
3125	25	27
3126	24	27
3127	24	26
3128	24	25
3129	24	24
3130	23	24
3131	23	23
3132	22	23
3133	21	23
3134	21	22
3135	22	22
3136	23	22
3137	24	22
3138	24	23
3139	24	24
3140	25	24
3141	25	25
3142	25	26
3143	26	26
3144	27	26
3145	28	26
3146	29	26
3147	29	27
3148	28	27
3149	28	28
3150	27	28
3151	27	29
3152	27	30
3153	26	30
3154	26	31
3155	25	31
3156	25	30
3157	24	30
3158	24	31
3159	24	32
3160	23	32
3161	23	31
3162	22	31
3163	22	30
3164	22	29
3165	22	28
3166	22	27
3167	22	26
3168	22	25
3169	23	25
3170	23	26
3171	23	27
3172	23	28
3173	24	28
3174	25	28
3175	26	28
3176	26	29
3177	25	29
3178	24	29
3179	23	29
3180	23	30
3181	24	30
3182	25	30
3183	25	31
3184	25	32
3185	25	33
3186	24	33
3187	23	33
3188	22	33
3189	22	32
3190	23	32
3191	24	32
3192	24	31
3193	23	31
3194	22	31
3195	21	31
3196	20	31
3197	20	30
3198	19	30
3199	18	30
3200	18	29
3201	19	29
3202	19	28
3203	19	27
3204	19	26
3205	20	26
3206	20	25
3207	19	25
3208	19	24
3209	18	24
3210	18	25
3211	18	26
3212	19	26
3213	20	26
3214	20	27
3215	21	27
3216	21	28
3217	21	29
3218	21	28
3219	20	28
3220	20	29
3221	21	29
3222	22	29
3223	22	28
3224	22	27
3225	22	26
3226	21	26
3227	21	25
3228	21	24
3229	22	24
3230	23	24
3231	23	23
3232	22	23
3233	21	23
3234	20	23
3235	20	24
3236	20	25
3237	19	25
3238	19	24
3239	19	23
3240	18	23
3241	17	23
3242	16	23
3243	16	24
3244	17	24
3245	18	24
3246	18	25
3247	17	25
3248	16	25
3249	16	26
3250	17	26
3251	18	26
3252	18	27
3253	18	28
3254	17	28
3255	17	29
3256	17	30
3257	18	30
3258	18	31
3259	19	31
3260	19	32
3261	20	32
3262	21	32
3263	21	33
3264	21	34
3265	20	22
3266	20	21
3267	21	21
3268	21	20
3269	20	20
3270	19	20
3271	19	21
3272	18	21
3273	17	21
3274	17	22
3275	18	22
3276	19	22
3277	20	22
3278	21	22
3279	22	22
3280	23	22
3281	23	21
3282	24	21
3283	24	20
3284	23	20
3285	23	19
3286	24	19
3287	25	19
3288	26	19
3289	27	19
3290	28	19
3291	28	20
3292	28	21
3293	27	21
3294	26	21
3295	25	21
3296	25	22
3297	25	23
3298	26	23
3299	27	23
3300	27	24
3301	28	24
3302	29	24
3303	30	24
3304	30	23
3305	29	23
3306	29	22
3307	28	22
3308	28	23
3309	27	23
3310	27	22
3311	26	22
3312	26	21
3313	26	20
3314	25	20
3315	24	20
3316	24	21
3317	24	22
3318	24	23
3319	24	24
3320	24	25
3321	24	26
3322	24	27
3323	25	27
3324	26	27
3325	26	26
3326	26	25
3327	27	25
3328	28	25
3329	29	25
3330	30	25
3331	31	25
3332	31	26
3333	30	26
3334	29	26
3335	29	27
3336	30	27
3337	31	27
3338	31	28
3339	31	29
3340	31	30
3341	31	31
3342	30	31
3343	29	31
3344	29	32
3345	28	32
3346	27	32
3347	27	31
3348	28	31
3349	28	30
3350	28	29
3351	27	29
3352	27	28
3353	27	27
3354	27	26
3355	28	26
3356	28	27
3357	28	28
3358	29	28
3359	30	28
3360	30	29
3361	30	30
3362	29	30
3363	28	30
3364	27	30
3365	26	30
3366	26	31
3367	26	32
3368	26	33
3369	27	33
3370	28	33
3371	29	33
3372	30	33
3373	30	32
3374	31	32
3375	31	31
3376	32	31
3377	32	30
3378	32	29
3379	32	28
3380	32	27
3381	32	26
3382	32	25
3383	32	24
3384	31	24
3385	31	23
3386	31	22
3387	30	22
3388	30	21
3389	29	21
3390	29	20
3391	29	19
3392	30	19
3393	30	20
3394	30	21
3395	31	21
3396	31	22
3397	32	22
3398	32	23
3399	33	23
3400	33	22
3401	33	21
3402	32	21
3403	32	20
3404	32	19
3405	31	19
3406	31	20
3407	31	21
3408	31	22
3409	26	24
3410	25	24
3411	25	25
3412	25	26
3413	24	26
3414	23	26
3415	23	25
3416	22	25
3417	22	24
3418	21	24
3419	21	25
3420	21	26
3421	21	27
3422	22	27
3423	23	27
3424	23	28
3425	24	28
3426	25	28
3427	26	28
3428	26	27
3429	25	27
3430	24	27
3431	24	28
3432	24	29
3433	25	29
3434	26	29
3435	26	28
3436	25	28
3437	25	29
3438	25	30
3439	25	31
3440	25	32
3441	25	33
3442	24	33
3443	24	34
3444	25	34
3445	26	34
3446	27	34
3447	28	34
3448	28	33
3449	28	32
3450	27	32
3451	27	31
3452	28	31
3453	29	31
3454	30	31
3455	30	30
3456	29	30
3457	29	29
3458	28	29
3459	27	29
3460	27	28
3461	27	27
3462	27	26
3463	27	25
3464	27	24
3465	28	24
3466	28	23
3467	29	23
3468	29	22
3469	28	22
3470	27	22
3471	27	21
3472	27	20
3473	27	19
3474	27	18
3475	26	18
3476	25	18
3477	24	18
3478	23	18
3479	22	18
3480	22	17
3481	23	17
3482	24	17
3483	25	17
3484	26	17
3485	27	17
3486	27	18
3487	28	18
3488	28	19
3489	28	20
3490	28	21
3491	29	21
3492	29	20
3493	29	19
3494	29	18
3495	30	18
3496	30	19
3497	30	20
3498	30	21
3499	30	22
3500	30	23
3501	30	24
3502	29	24
3503	29	25
3504	28	25
3505	28	26
3506	29	26
3507	29	27
3508	30	27
3509	30	26
3510	30	25
3511	31	25
3512	31	26
3513	31	27
3514	31	28
3515	30	28
3516	29	28
3517	28	28
3518	28	27
3519	27	27
3520	26	27
3521	26	26
3522	26	25
3523	26	24
3524	26	23
3525	25	23
3526	25	22
3527	25	21
3528	25	20
3529	26	20
3530	26	19
3531	25	19
3532	24	19
3533	23	19
3534	23	20
3535	22	20
3536	22	21
3537	23	21
3538	23	22
3539	23	23
3540	23	24
3541	23	25
3542	24	25
3543	25	25
3544	25	24
3545	24	24
3546	24	23
3547	24	22
3548	25	22
3549	26	22
3550	26	21
3551	27	21
3552	27	20
3553	27	19
3554	26	19
3555	26	18
3556	25	18
3557	24	18
3558	23	18
3559	22	18
3560	22	19
3561	21	19
3562	20	19
3563	19	19
3564	19	20
3565	18	20
3566	18	21
3567	19	21
3568	20	21
3569	21	21
3570	21	22
3571	21	23
3572	22	23
3573	22	22
3574	22	23
3575	22	24
3576	22	25
3577	22	26
3578	23	26
3579	23	27
3580	23	28
3581	23	29
3582	23	30
3583	22	30
3584	21	30
3585	21	29
3586	21	28
3587	22	28
3588	22	29
3589	23	29
3590	24	29
3591	24	30
3592	24	31
3593	23	31
3594	22	31
3595	22	32
3596	23	32
3597	24	32
3598	25	32
3599	26	32
3600	26	31
3601	26	30
3602	27	30
3603	28	30
3604	28	29
3605	29	29
3606	30	29
3607	31	29
3608	31	30
3609	32	30
3610	32	29
3611	32	28
3612	33	28
3613	33	27
3614	33	26
3615	33	25
3616	32	25
3617	32	26
3618	32	27
3619	31	27
3620	30	27
3621	29	27
3622	29	26
3623	29	25
3624	28	25
3625	28	24
3626	27	24
3627	27	23
3628	26	23
3629	25	23
3630	24	23
3631	23	23
3632	23	24
3633	23	25
3634	24	25
3635	24	26
3636	25	26
3637	25	27
3638	24	27
3639	24	28
3640	25	28
3641	26	28
3642	26	29
3643	27	29
3644	27	28
3645	27	27
3646	27	26
3647	27	25
3648	26	25
3649	26	24
3650	25	24
3651	25	25
3652	25	26
3653	26	26
3654	26	25
3655	27	25
3656	27	24
3657	27	23
3658	28	23
3659	29	23
3660	29	24
3661	30	24
3662	31	24
3663	31	23
3664	30	23
3665	30	22
3666	29	22
3667	28	22
3668	27	22
3669	26	22
3670	26	21
3671	25	21
3672	24	21
3673	24	20
3674	23	20
3675	23	21
3676	22	21
3677	22	22
3678	23	22
3679	24	22
3680	25	22
3681	25	23
3682	26	23
3683	26	24
3684	25	24
3685	24	24
3686	23	24
3687	22	24
3688	21	24
3689	20	24
3690	20	23
3691	19	23
3692	19	24
3693	19	25
3694	20	25
3695	21	25
3696	21	26
3697	20	26
3698	20	27
3699	19	27
3700	19	26
3701	20	26
3702	20	27
3703	20	28
3704	20	29
3705	19	29
3706	19	28
3707	19	27
3708	18	27
3709	17	27
3710	16	27
3711	16	28
3712	17	28
3713	18	28
3714	18	29
3715	19	29
3716	19	30
3717	20	30
3718	21	30
3719	22	30
3720	22	29
3721	22	28
3722	22	27
3723	22	26
3724	22	25
3725	21	25
3726	20	25
3727	20	24
3728	20	23
3729	20	22
3730	19	22
3731	19	23
3732	18	23
3733	18	24
3734	18	25
3735	18	26
3736	19	26
3737	19	25
3738	19	24
3739	20	24
3740	21	24
3741	21	23
3742	21	22
3743	21	21
3744	21	20
3745	22	20
3746	22	19
3747	23	19
3748	24	19
3749	25	19
3750	25	20
3751	26	20
3752	27	20
3753	28	20
3754	28	21
3755	29	21
3756	29	22
3757	29	23
3758	28	23
3759	28	24
3760	28	25
3761	28	26
3762	28	27
3763	28	28
3764	29	28
3765	30	28
3766	31	28
3767	31	29
3768	30	29
3769	29	29
3770	28	29
3771	28	30
3772	27	30
3773	27	31
3774	26	31
3775	25	31
3776	25	30
3777	25	29
3778	24	29
3779	24	28
3780	23	28
3781	23	27
3782	23	26
3783	24	26
3784	24	27
3785	25	27
3786	26	27
3787	26	26
3788	27	26
3789	28	26
3790	29	26
3791	30	26
3792	30	25
3793	31	25
3794	31	26
3795	30	26
3796	30	25
3797	30	24
3798	29	24
3799	29	25
3800	28	25
3801	27	25
3802	27	24
3803	27	23
3804	27	22
3805	27	21
3806	26	21
3807	25	21
3808	24	21
3809	24	20
3810	23	20
3811	23	21
3812	22	21
3813	22	22
3814	22	23
3815	23	23
3816	24	23
3817	24	24
3818	24	25
3819	25	25
3820	25	26
3821	24	26
3822	23	26
3823	23	25
3824	22	25
3825	22	26
3826	22	27
3827	21	27
3828	21	28
3829	20	28
3830	20	29
3831	21	29
3832	21	28
3833	21	27
3834	21	26
3835	21	25
3836	21	24
3837	22	24
3838	23	24
3839	23	23
3840	23	22
3841	24	22
3842	25	22
3843	26	22
3844	26	23
3845	25	23
3846	25	24
3847	26	24
3848	26	25
3849	26	26
3850	26	27
3851	26	28
3852	25	28
3853	25	27
3854	24	27
3855	23	27
3856	23	28
3857	23	29
3858	23	30
3859	24	30
3860	24	31
3861	23	31
3862	22	31
3863	21	31
3864	20	31
3865	20	30
3866	21	30
3867	22	30
3868	22	29
3869	22	28
3870	22	27
3871	22	26
3872	21	26
3873	20	26
3874	20	27
3875	19	27
3876	19	28
3877	20	28
3878	20	29
3879	21	29
3880	21	28
3881	21	27
3882	20	27
3883	20	26
3884	20	25
3885	19	25
3886	18	25
3887	17	25
3888	17	24
3889	17	23
3890	18	23
3891	18	22
3892	19	22
3893	20	22
3894	20	21
3895	20	20
3896	21	20
3897	21	19
3898	21	18
3899	20	18
3900	20	19
3901	20	20
3902	19	20
3903	19	21
3904	20	21
3905	21	21
3906	21	22
3907	21	23
3908	20	23
3909	19	23
3910	19	24
3911	18	24
3912	18	23
3913	18	22
3914	18	21
3915	17	21
3916	17	22
3917	16	22
3918	16	23
3919	16	24
3920	16	25
3921	16	26
3922	17	26
3923	18	26
3924	18	27
3925	18	28
3926	18	29
3927	18	30
3928	19	30
3929	19	31
3930	20	31
3931	21	31
3932	21	32
3933	22	32
3934	23	32
3935	23	33
3936	24	33
3937	25	33
3938	26	33
3939	26	32
3940	27	32
3941	27	33
3942	27	32
3943	28	32
3944	28	31
3945	29	31
3946	29	30
3947	30	30
3948	30	31
3949	30	32
3950	29	32
3951	29	33
3952	29	32
3953	29	31
3954	29	30
3955	28	30
3956	27	30
3957	26	30
3958	26	29
3959	27	29
3960	27	28
3961	27	27
3962	28	27
3963	29	27
3964	30	27
3965	30	28
3966	29	28
3967	28	28
3968	27	28
3969	26	28
3970	25	28
3971	25	29
3972	25	30
3973	24	30
3974	24	29
3975	24	28
3976	24	27
3977	24	26
3978	24	25
3979	25	25
3980	25	26
3981	25	27
3982	26	27
3983	26	26
3984	27	26
3985	27	25
3986	27	24
3987	28	24
3988	28	23
3989	28	22
3990	28	21
3991	28	20
3992	28	19
3993	27	19
3994	26	19
3995	26	20
3996	25	20
3997	25	21
3998	24	21
3999	24	22
4000	24	23
4001	24	24
4002	23	24
4003	23	25
4004	23	26
4005	23	27
4006	23	28
4007	23	29
4008	23	30
4009	23	31
4010	24	31
4011	25	31
4012	25	32
4013	24	32
4014	23	32
4015	23	33
4016	22	33
4017	22	34
4018	23	34
4019	24	34
4020	25	34
4021	26	34
4022	26	33
4023	26	32
4024	26	31
4025	27	31
4026	28	31
4027	27	31
4028	27	30
4029	26	30
4030	26	29
4031	27	29
4032	28	29
4033	29	29
4034	30	29
4035	31	29
4036	31	28
4037	31	27
4038	31	26
4039	31	25
4040	31	24
4041	32	24
4042	32	23
4043	31	23
4044	31	22
4045	32	22
4046	32	21
4047	31	21
4048	30	21
4049	29	21
4050	29	20
4051	29	19
4052	29	18
4053	28	18
4054	27	18
4055	26	18
4056	25	18
4057	25	19
4058	24	19
4059	24	20
4060	23	20
4061	22	20
4062	22	21
4063	23	21
4064	23	22
4065	22	22
4066	22	23
4067	22	24
4068	22	25
4069	21	25
4070	21	24
4071	21	23
4072	20	23
4073	20	24
4074	20	25
4075	19	25
4076	19	26
4077	19	27
4078	19	28
4079	19	29
4080	20	29
4081	20	28
4082	20	27
4083	21	27
4084	22	27
4085	22	28
4086	22	29
4087	22	30
4088	23	30
4089	23	29
4090	24	29
4091	25	29
4092	25	30
4093	24	30
4094	24	31
4095	25	31
4096	26	31
4097	26	30
4098	26	29
4099	26	28
4100	25	28
4101	24	28
4102	24	27
4103	24	26
4104	24	25
4105	25	25
4106	26	25
4107	26	24
4108	25	24
4109	25	23
4110	26	23
4111	26	22
4112	27	22
4113	27	23
4114	27	24
4115	28	24
4116	29	24
4117	29	23
4118	30	23
4119	30	22
4120	29	22
4121	28	22
4122	28	21
4123	27	21
4124	27	20
4125	26	20
4126	26	21
4127	25	21
4128	25	22
4129	26	22
4130	27	22
4131	27	23
4132	28	23
4133	29	23
4134	30	23
4135	30	24
4136	30	25
4137	29	25
4138	29	26
4139	28	26
4140	28	25
4141	27	25
4142	27	26
4143	27	27
4144	28	27
4145	29	27
4146	30	27
4147	30	26
4148	29	26
4149	28	26
4150	28	25
4151	29	25
4152	29	24
4153	28	24
4154	27	24
4155	26	24
4156	26	25
4157	26	26
4158	25	26
4159	25	27
4160	26	27
4161	27	27
4162	27	28
4163	28	28
4164	29	28
4165	30	28
4166	31	28
4167	32	28
4168	32	27
4169	32	26
4170	32	25
4171	32	24
4172	33	24
4173	33	23
4174	32	23
4175	31	23
4176	31	24
4177	31	25
4178	31	26
4179	31	27
4180	30	27
4181	29	27
4182	28	27
4183	28	28
4184	28	29
4185	27	29
4186	26	29
4187	25	29
4188	25	28
4189	24	28
4190	23	28
4191	23	27
4192	23	26
4193	23	25
4194	22	25
4195	22	26
4196	21	26
4197	21	25
4198	21	24
4199	22	24
4200	22	23
4201	23	23
4202	24	23
4203	24	24
4204	23	24
4205	23	23
4206	23	22
4207	24	22
4208	24	21
4209	23	21
4210	22	21
4211	21	21
4212	21	22
4213	20	22
4214	19	22
4215	19	23
4216	19	24
4217	20	24
4218	20	23
4219	21	23
4220	22	23
4221	22	22
4222	21	22
4223	20	22
4224	20	21
4225	19	21
4226	19	20
4227	19	19
4228	18	19
4229	18	20
4230	17	20
4231	17	21
4232	18	21
4233	18	22
4234	18	23
4235	18	24
4236	18	25
4237	18	26
4238	19	26
4239	20	26
4240	21	26
4241	22	26
4242	22	27
4243	22	28
4244	21	28
4245	21	29
4246	21	30
4247	20	30
4248	19	30
4249	19	31
4250	18	31
4251	18	30
4252	18	29
4253	17	29
4254	17	28
4255	17	27
4256	18	27
4257	18	28
4258	19	28
4259	20	28
4260	20	27
4261	21	27
4262	22	27
4263	23	27
4264	23	26
4265	23	25
4266	24	25
4267	25	25
4268	25	24
4269	25	23
4270	26	23
4271	27	23
4272	28	23
4273	28	22
4274	29	22
4275	29	21
4276	29	20
4277	30	20
4278	31	20
4279	31	19
4280	30	19
4281	29	19
4282	28	19
4283	28	20
4284	27	20
4285	27	21
4286	26	21
4287	26	22
4288	25	22
4289	25	21
4290	25	20
4291	24	20
4292	24	19
4293	23	19
4294	22	19
4295	22	20
4296	21	20
4297	21	19
4298	20	19
4299	20	20
4300	21	20
4301	21	21
4302	22	21
4303	22	22
4304	23	22
4305	24	22
4306	24	23
4307	24	24
4308	23	24
4309	22	24
4310	22	25
4311	21	25
4312	20	25
4313	19	25
4314	19	24
4315	20	24
4316	21	24
4317	21	23
4318	22	23
4319	23	23
4320	24	23
4321	25	23
4322	25	24
4323	26	24
4324	26	25
4325	27	25
4326	27	26
4327	26	26
4328	25	26
4329	24	26
4330	24	27
4331	25	27
4332	26	27
4333	26	28
4334	27	28
4335	27	27
4336	28	27
4337	28	26
4338	29	26
4339	30	26
4340	30	25
4341	30	24
4342	29	24
4343	29	23
4344	30	23
4345	30	22
4346	31	22
4347	32	22
4348	33	22
4349	33	23
4350	33	24
4351	33	25
4352	33	26
4353	32	26
4354	32	25
4355	31	25
4356	31	24
4357	31	23
4358	31	22
4359	31	21
4360	30	21
4361	30	20
4362	29	20
4363	28	20
4364	28	21
4365	27	21
4366	27	22
4367	28	22
4368	29	22
4369	29	21
4370	28	21
4371	27	21
4372	26	21
4373	26	20
4374	26	19
4375	27	19
4376	27	18
4377	26	18
4378	26	17
4379	25	17
4380	24	17
4381	24	18
4382	23	18
4383	22	18
4384	22	17
4385	23	17
4386	23	16
4387	24	16
4388	25	16
4389	26	16
4390	27	16
4391	27	17
4392	28	17
4393	28	18
4394	28	19
4395	27	19
4396	27	20
4397	26	20
4398	25	20
4399	25	19
4400	25	18
4401	24	18
4402	23	18
4403	23	19
4404	23	20
4405	23	21
4406	24	21
4407	24	20
4408	24	19
4409	25	19
4410	26	19
4411	26	18
4412	26	17
4413	25	17
4414	24	17
4415	23	17
4416	22	17
4417	21	17
4418	21	18
4419	20	18
4420	19	18
4421	19	19
4422	20	19
4423	21	19
4424	22	19
4425	22	20
4426	23	20
4427	23	21
4428	23	22
4429	24	22
4430	25	22
4431	26	22
4432	26	23
4433	27	23
4434	27	24
4435	28	24
4436	28	25
4437	29	25
4438	30	25
4439	30	24
4440	29	24
4441	29	23
4442	28	23
4443	28	24
4444	28	25
4445	27	25
4446	27	26
4447	26	26
4448	25	26
4449	25	25
4450	24	25
4451	23	25
4452	23	26
4453	24	26
4454	24	27
4455	24	28
4456	24	29
4457	23	29
4458	22	29
4459	22	28
4460	23	28
4461	23	27
4462	23	28
4463	23	29
4464	23	30
4465	24	30
4466	25	30
4467	26	30
4468	27	30
4469	28	30
4470	29	30
4471	29	29
4472	29	28
4473	29	27
4474	30	27
4475	30	28
4476	30	29
4477	30	30
4478	31	30
4479	31	31
4480	30	31
4481	29	31
4482	28	31
4483	28	32
4484	27	32
4485	27	31
4486	26	31
4487	25	31
4488	25	32
4489	24	32
4490	24	31
4491	23	31
4492	22	31
4493	22	30
4494	21	30
4495	21	29
4496	21	28
4497	21	27
4498	21	26
4499	22	26
4500	22	25
4501	22	24
4502	23	24
4503	24	24
4504	25	24
4505	26	24
4506	26	25
4507	25	25
4508	24	25
4509	23	25
4510	23	26
4511	24	26
4512	25	26
4513	25	27
4514	25	28
4515	25	29
4516	26	29
4517	27	29
4518	28	29
4519	28	28
4520	27	28
4521	26	28
4522	26	27
4523	27	27
4524	27	26
4525	28	26
4526	29	26
4527	30	26
4528	31	26
4529	31	27
4530	32	27
4531	33	27
4532	33	28
4533	32	28
4534	32	29
4535	31	29
4536	31	28
4537	30	28
4538	29	28
4539	29	29
4540	28	29
4541	28	30
4542	27	30
4543	26	30
4544	25	30
4545	24	30
4546	24	29
4547	24	28
4548	25	28
4549	25	29
4550	26	29
4551	27	29
4552	27	28
4553	26	28
4554	26	27
4555	26	26
4556	26	25
4557	27	25
4558	27	24
4559	27	23
4560	27	22
4561	28	22
4562	28	23
4563	28	24
4564	29	24
4565	29	25
4566	30	25
4567	30	24
4568	30	23
4569	30	22
4570	30	21
4571	29	21
4572	29	22
4573	30	22
4574	31	22
4575	31	21
4576	31	20
4577	32	20
4578	32	21
4579	32	22
4580	32	23
4581	32	24
4582	31	24
4583	31	23
4584	32	23
4585	32	24
4586	32	25
4587	31	25
4588	31	26
4589	32	26
4590	33	26
4591	33	25
4592	34	25
4593	34	26
4594	34	27
4595	34	28
4596	33	28
4597	33	29
4598	32	29
4599	32	30
4600	31	30
4601	30	30
4602	29	30
4603	29	29
4604	30	29
4605	31	29
4606	31	28
4607	31	27
4608	30	27
4609	29	27
4610	28	27
4611	28	28
4612	28	27
4613	28	26
4614	28	25
4615	29	25
4616	29	26
4617	30	26
4618	30	25
4619	25	23
4620	26	23
4621	26	24
4622	25	24
4623	24	24
4624	24	23
4625	23	23
4626	22	23
4627	22	22
4628	21	22
4629	21	23
4630	20	23
4631	19	23
4632	19	22
4633	20	22
4634	20	21
4635	21	21
4636	22	21
4637	22	20
4638	21	20
4639	20	20
4640	19	20
4641	19	21
4642	19	22
4643	18	22
4644	17	22
4645	17	23
4646	17	24
4647	17	25
4648	17	26
4649	18	26
4650	19	26
4651	20	26
4652	20	25
4653	21	25
4654	21	24
4655	20	24
4656	19	24
4657	18	24
4658	18	25
4659	19	25
4660	20	25
4661	20	26
4662	20	27
4663	19	27
4664	19	28
4665	19	29
4666	20	29
4667	20	28
4668	21	28
4669	22	28
4670	22	27
4671	22	26
4672	22	25
4673	22	24
4674	23	24
4675	23	25
4676	24	25
4677	25	25
4678	25	26
4679	25	27
4680	24	27
4681	23	27
4682	23	28
4683	23	29
4684	22	29
4685	22	30
4686	23	30
4687	23	31
4688	22	31
4689	21	31
4690	21	32
4691	22	32
4692	23	32
4693	24	32
4694	24	33
4695	25	33
4696	25	32
4697	26	32
4698	26	31
4699	25	31
4700	25	30
4701	24	30
4702	24	29
4703	24	28
4704	25	28
4705	25	29
4706	26	29
4707	26	28
4708	26	27
4709	27	27
4710	27	26
4711	27	25
4712	27	24
4713	27	23
4714	27	22
4715	26	22
4716	25	22
4717	25	21
4718	24	21
4719	24	22
4720	23	22
4721	23	23
4722	24	23
4723	25	23
4724	26	23
4725	26	24
4726	26	25
4727	26	26
4728	25	26
4729	24	26
4730	23	26
4731	22	26
4732	21	26
4733	21	27
4734	22	27
4735	22	28
4736	22	29
4737	21	29
4738	21	30
4739	20	30
4740	20	31
4741	20	32
4742	19	32
4743	19	31
4744	19	30
4745	19	29
4746	20	29
4747	20	28
4748	20	27
4749	19	27
4750	18	27
4751	18	28
4752	18	29
4753	17	29
4754	17	28
4755	17	27
4756	17	26
4757	17	25
4758	18	25
4759	19	25
4760	19	26
4761	20	26
4762	21	26
4763	21	25
4764	21	24
4765	21	23
4766	21	22
4767	22	22
4768	22	23
4769	22	24
4770	23	24
4771	24	24
4772	25	24
4773	25	25
4774	24	25
4775	23	25
4776	22	25
4777	21	25
4778	20	25
4779	20	24
4780	20	23
4781	19	23
4782	18	23
4783	18	24
4784	17	24
4785	17	23
4786	16	23
4787	16	24
4788	16	25
4789	16	26
4790	16	27
4791	16	28
4792	16	29
4793	24	27
4794	25	27
4795	25	28
4796	24	28
4797	24	29
4798	23	29
4799	23	30
4800	22	30
4801	22	31
4802	21	31
4803	21	32
4804	22	32
4805	22	33
4806	23	33
4807	23	32
4808	23	31
4809	24	31
4810	25	31
4811	25	30
4812	26	30
4813	27	30
4814	27	31
4815	28	31
4816	28	30
4817	28	29
4818	27	29
4819	27	28
4820	28	28
4821	29	28
4822	29	27
4823	29	26
4824	28	26
4825	28	25
4826	28	24
4827	28	23
4828	29	23
4829	30	23
4830	30	24
4831	29	24
4832	29	25
4833	30	25
4834	31	25
4835	31	24
4836	31	23
4837	31	22
4838	30	22
4839	29	22
4840	28	22
4841	28	21
4842	28	20
4843	27	20
4844	27	21
4845	26	21
4846	25	21
4847	25	20
4848	24	20
4849	24	21
4850	23	21
4851	23	20
4852	23	19
4853	22	19
4854	22	18
4855	23	18
4856	24	18
4857	25	18
4858	25	19
4859	26	19
4860	26	20
4861	26	21
4862	26	22
4863	25	22
4864	25	23
4865	26	23
4866	26	24
4867	27	24
4868	27	25
4869	27	26
4870	27	27
4871	28	27
4872	28	26
4873	28	25
4874	28	24
4875	28	23
4876	27	23
4877	27	22
4878	27	21
4879	27	20
4880	27	19
4881	28	19
4882	29	19
4883	29	20
4884	30	20
4885	30	19
4886	30	18
4887	29	18
4888	28	18
4889	27	18
4890	26	18
4891	26	19
4892	26	20
4893	25	20
4894	24	20
4895	24	19
4896	23	19
4897	23	20
4898	22	20
4899	22	21
4900	21	21
4901	20	21
4902	20	22
4903	21	22
4904	22	22
4905	23	22
4906	24	22
4907	24	23
4908	23	23
4909	23	24
4910	24	24
4911	25	24
4912	25	25
4913	26	25
4914	26	26
4915	26	27
4916	25	27
4917	24	27
4918	23	27
4919	23	28
4920	22	28
4921	21	28
4922	21	27
4923	22	27
4924	22	26
4925	23	26
4926	24	26
4927	24	25
4928	23	25
4929	22	25
4930	22	24
4931	22	23
4932	21	23
4933	21	24
4934	20	24
4935	19	24
4936	19	23
4937	20	23
4938	20	22
4939	19	22
4940	19	21
4941	18	21
4942	18	20
4943	19	20
4944	20	20
4945	21	20
4946	21	19
4947	21	18
4948	22	18
4949	22	19
4950	22	20
4951	22	21
4952	23	21
4953	24	21
4954	25	21
4955	25	22
4956	25	23
4957	26	23
4958	26	22
4959	26	21
4960	25	21
4961	25	20
4962	25	19
4963	25	18
4964	25	17
4965	26	17
4966	27	17
4967	28	17
4968	29	17
4969	29	18
4970	29	19
4971	29	20
4972	29	21
4973	30	21
4974	31	21
4975	31	20
4976	31	19
4977	31	18
4978	30	18
4979	30	19
4980	30	20
4981	30	21
4982	29	21
4983	28	21
4984	28	20
4985	28	19
4986	27	19
4987	27	18
4988	28	18
4989	28	17
4990	28	16
4991	27	16
4992	26	16
4993	25	16
4994	24	16
4995	24	17
4996	24	18
4997	24	19
4998	24	20
4999	24	21
5000	24	22
